P0: 2.060143e+03 0.000000e+00 9.755965e+02 0.000000e+00 0.000000e+00 2.060143e+03 6.308533e+02 0.000000e+00 0.000000e+00 0.000000e+00 1.000000e+00 0.000000e+00
P1: 2.050448e+03 0.000000e+00 9.647180e+02 0.000000e+00 0.000000e+00 2.050448e+03 6.472422e+02 0.000000e+00 0.000000e+00 0.000000e+00 1.000000e+00 0.000000e+00
P2: 2.059360e+03 0.000000e+00 9.549019e+02 0.000000e+00 0.000000e+00 2.059360e+03 6.497884e+02 0.000000e+00 0.000000e+00 0.000000e+00 1.000000e+00 0.000000e+00
P3: 2.062890e+03 0.000000e+00 9.846079e+02 0.000000e+00 0.000000e+00 2.062890e+03 2.429971e+02 0.000000e+00 0.000000e+00 0.000000e+00 1.000000e+00 0.000000e+00
P4: 2.053258e+03 0.000000e+00 9.626310e+02 0.000000e+00 0.000000e+00 2.053258e+03 2.408840e+02 0.000000e+00 0.000000e+00 0.000000e+00 1.000000e+00 0.000000e+00
R0_rect: 1.000000e+00 0.000000e+00 0.000000e+00 0.000000e+00 1.000000e+00 0.000000e+00 0.000000e+00 0.000000e+00 1.000000e+00
Tr_velo_to_cam_0: -4.564357e-03 -9.999893e-01 7.093807e-04 -1.816568e-02 4.592488e-03 -7.303426e-04 -9.999892e-01 2.108905e+00 9.999790e-01 -4.561050e-03 4.595773e-03 -1.549168e+00
Tr_velo_to_cam_1: 6.981609e-01 -7.159217e-01 5.242501e-03 -9.879121e-01 -7.453141e-03 -1.458999e-02 -9.998658e-01 2.127619e+00 7.159021e-01 6.980281e-01 -1.552202e-02 -1.100325e+00
Tr_velo_to_cam_2: -7.044454e-01 -7.097561e-01 -1.705746e-03 9.871340e-01 -9.009987e-04 3.297527e-03 -9.999942e-01 2.117706e+00 7.097576e-01 -7.044397e-01 -2.962417e-03 -1.118040e+00
Tr_velo_to_cam_3: 9.998179e-01 -1.907950e-02 2.143514e-04 -1.429928e+00 -1.922701e-04 -2.130757e-02 -9.997729e-01 2.117286e+00 1.907974e-02 9.995909e-01 -2.130736e-02 -9.335779e-02
Tr_velo_to_cam_4: -9.999887e-01 -1.527957e-03 4.492519e-03 1.419195e+00 -4.499172e-03 4.378425e-03 -9.999803e-01 2.122756e+00 1.508257e-03 -9.999892e-01 -4.385250e-03 -1.045027e-01
