P0: 2.076579e+03 0.000000e+00 9.474441e+02 0.000000e+00 0.000000e+00 2.076579e+03 6.561716e+02 0.000000e+00 0.000000e+00 0.000000e+00 1.000000e+00 0.000000e+00
P1: 2.090054e+03 0.000000e+00 9.794161e+02 0.000000e+00 0.000000e+00 2.090054e+03 6.389681e+02 0.000000e+00 0.000000e+00 0.000000e+00 1.000000e+00 0.000000e+00
P2: 2.074947e+03 0.000000e+00 9.300294e+02 0.000000e+00 0.000000e+00 2.074947e+03 6.637546e+02 0.000000e+00 0.000000e+00 0.000000e+00 1.000000e+00 0.000000e+00
P3: 2.088433e+03 0.000000e+00 9.617412e+02 0.000000e+00 0.000000e+00 2.088433e+03 2.310774e+02 0.000000e+00 0.000000e+00 0.000000e+00 1.000000e+00 0.000000e+00
P4: 2.065451e+03 0.000000e+00 9.583526e+02 0.000000e+00 0.000000e+00 2.065451e+03 2.644909e+02 0.000000e+00 0.000000e+00 0.000000e+00 1.000000e+00 0.000000e+00
R0_rect: 1.000000e+00 0.000000e+00 0.000000e+00 0.000000e+00 1.000000e+00 0.000000e+00 0.000000e+00 0.000000e+00 1.000000e+00
Tr_velo_to_cam_0: 4.013787e-03 -9.999905e-01 1.715686e-03 -3.413131e-02 -1.851326e-03 -1.723128e-03 -9.999968e-01 2.118680e+00 9.999902e-01 4.010598e-03 -1.858224e-03 -1.540026e+00
Tr_velo_to_cam_1: 7.071378e-01 -7.068761e-01 1.680151e-02 -1.027644e+00 1.399778e-02 -9.762254e-03 -9.998544e-01 2.095282e+00 7.069372e-01 7.072700e-01 2.991434e-03 -1.131849e+00
Tr_velo_to_cam_2: -6.976545e-01 -7.163909e-01 7.891690e-03 9.557590e-01 -1.054552e-02 -7.455664e-04 -9.999441e-01 2.131461e+00 7.163567e-01 -6.976988e-01 -7.034568e-03 -1.123086e+00
Tr_velo_to_cam_3: 9.998533e-01 6.253889e-03 1.594282e-02 -1.467309e+00 1.597897e-02 -5.773117e-03 -9.998557e-01 2.092966e+00 -6.160946e-03 9.999638e-01 -5.872201e-03 -9.440708e-02
Tr_velo_to_cam_4: -9.999413e-01 -5.820185e-03 9.142748e-03 1.408493e+00 -9.245423e-03 1.786584e-02 -9.997976e-01 2.130679e+00 5.655664e-03 -9.998235e-01 -1.791860e-02 -8.603409e-02
